-3.041447762356844109e+00 -3.757253691948390095e-01
4.056548757926259352e-02 8.774373103797052931e-01
-4.277571233185062383e+00 -3.126141642699157952e+00
-1.242821623170999201e+00 7.577079878096082410e-04
-2.419450531644233848e+00 -7.572222460199284910e-02
-4.544148756844031745e+00 -6.092704916600887977e+00
5.018670063080325150e+00 4.997515630907369832e+00
5.600834254466005024e-01 -8.965798846398542743e-01
-1.651349352913753954e+00 2.837397613222847337e-01
9.581274773541101908e-01 8.343897504607216131e-01
1.029097552019053730e-01 -1.482161871352689619e+00
-4.309320357700209492e+00 -4.418383993961110257e+00
2.953864187046815193e+00 3.165120276297145541e+00
2.725205040986570459e+00 5.259987688469303535e+00
-7.120682278376041507e-01 -7.319326114733222255e-01
-1.639133853137029195e-01 1.858325738623246126e+00
-9.662496848570448771e-01 1.378713550028837220e-01
-2.483098955842858668e+00 -2.140988723250933479e+00
-1.125291960323621998e+00 6.542942370737342417e-01
-2.523709953742539813e+00 -6.350774368598449016e+00
-2.318467909046169506e+00 -9.757514383240072364e-01
-1.863738585370741108e-01 -1.252085766393949751e+00
3.352181986046392392e+00 6.229459552233736375e+00
1.077311960443170902e+00 1.372095687818065013e+00
-2.461064316358220871e+00 -3.636569256714790033e+00
-2.636715669897732317e-02 7.136053363985319642e-01
-1.291520648214548039e+00 -5.828714586106902296e-01
3.982798536755755014e-01 3.336291904686718990e-01
2.565053101350845743e+00 -6.719352745773350399e-01
4.985109914182346280e+00 5.922624466974272472e+00
-8.736942408542858196e-02 -1.591569881231876149e+00
-1.941215176972687750e+00 -2.036506711913342205e+00
-4.007017485912071741e+00 -4.991869544576967854e+00
4.549510532787971684e+00 3.390151042300137973e+00
1.279108507145445328e+00 -5.234518106156471617e-02
-3.234165798073036058e+00 -1.883864763975776402e+00
-2.624285823314717714e+00 -2.258417477190250544e+00
-2.603360153168317925e+00 -2.399201416946999288e+00
7.222962460865905987e-01 1.365207744968304437e+00
7.849461966264635882e-01 4.219057357221457361e-01
-1.621657076722036184e-01 -1.420290606468527006e+00
4.170750676292560577e+00 3.533173444571668931e+00
-7.331301722260236131e-01 -1.240500558661563391e+00
-2.073347479754608536e+00 4.606976912514784139e-01
-8.168259909098862792e-02 -4.081901340639770281e-01
8.386350850247803468e-02 -7.833006872939687337e-01
2.382863135219838391e+00 3.537385037129459064e+00
5.249014074253588458e-01 2.575796845428692805e-01
-2.888346941823350278e+00 -3.117761710253572627e+00
1.876772757657474200e+00 3.974347127633340193e+00
1.711463729385690691e+00 1.591049865569407196e-01
-4.909938760518696377e+00 -4.565104608433219191e+00
-2.255463763986199410e+00 4.257804389585493343e-01
-2.477929010178477665e+00 -3.948579374711371326e+00
1.830297732649420750e-01 1.361219154278959786e-01
-2.531383964091464822e+00 -4.326825657526061519e+00
-1.650239319346599398e+00 -3.176674537641561269e+00
-2.334660304249442930e+00 1.047288514556326655e+00
-3.104793649094477193e+00 -1.815712788194346672e+00
-1.103517325491433443e+00 -2.926610611768269976e+00
-1.601392287726176589e+00 4.784127919523299410e-01
-3.926324145761067808e+00 -6.655083926432068253e+00
-2.029781816753863932e-01 -1.831393426888093146e+00
-5.082635158162569500e-01 -3.437176563793755246e+00
3.890541886885956480e+00 3.271618541541972736e+00
1.485249034914999378e-01 -1.838581795288194654e+00
-2.246300769154235155e+00 -5.860375902446124385e-02
-2.228567360171739953e+00 -6.090707718842703677e+00
-1.834137699842411040e+00 9.387910389459743765e-01
-5.563516790904136089e-01 8.570754762470589316e-01
6.578258832249930244e-01 9.044016253797523275e-01
8.831859820639881287e-01 -1.326832051974495830e+00
3.258024184261318013e+00 1.172835425136568466e+00
3.235405592028364197e+00 1.959456800459975945e+00
-1.336601527753200180e+00 -4.043245062370908749e-01
-7.407080262233800561e-01 -1.245035710310725463e+00
-2.385722232285160338e+00 -2.877549566540697601e+00
8.479256888217572286e-01 1.183392948245392651e+00
-4.115566579799390112e+00 -4.464935467301422989e+00
2.191442401340683244e+00 1.604294037282654184e+00
-9.988491306674072145e-01 -7.719979123890456929e-01
1.250349802445687164e+00 8.965689536583908437e-01
2.376071272076968555e+00 1.356056414092533302e+00
5.910938977315199905e-01 -3.862539410582538357e-01
2.002952366177684684e+00 -1.125079232064785106e+00
-6.736666639830930503e-01 3.292614851512492002e-01
1.064763752073077940e-02 6.384645478047659140e-01
8.888693845563538920e-01 -1.764416573917612308e+00
2.672114850065923641e-01 3.897517860225216957e-01
-1.450257276688774244e+00 1.342951800770850745e-01
3.352522303130835435e-01 -9.644842693349870988e-01
-1.574482864411621108e+00 -1.932362243807564495e+00
-1.209905211401061109e+00 -3.261902334986763741e+00
-2.315798000660936218e+00 -6.654930576014091992e-01
2.603495416143636554e+00 1.719409873810135325e+00
-2.488298494030769525e+00 -1.595497374722224970e+00
2.927048376955946551e+00 2.528023205832677256e+00
-1.138438641596369871e+00 -1.147420134262182145e+00
2.190908169280056050e+00 4.718823764026804923e+00
2.726437362397100994e+00 2.614197169091818651e-01
-1.064807877954108362e+00 1.727895352432876841e+00
-1.255346300797278492e+00 -3.390218158570427409e+00
7.834309269419547084e-01 2.528989821795967874e+00
-2.457660116759377900e+00 -5.827611258885109002e+00
-5.672481911202392979e+00 -5.735239944250290378e+00
2.766668271118832845e+00 1.175993431338966388e-01
-5.775982832240645237e+00 -6.398890170551736034e+00
-9.831274818251984904e-01 -2.278054862811776271e+00
2.809790335409743989e+00 2.021972430850324187e+00
2.870432325575168697e+00 2.042376159362113253e+00
8.098915455951308795e-01 -1.892790327157399588e+00
-1.816674397173457134e+00 -9.411724786919998254e-01
2.706933410487992298e+00 2.447009060530934921e+00
1.790036344250132361e+00 2.199855306169629099e+00
2.300171707894334450e+00 8.998213252609382762e-01
-2.070298362874045672e-02 2.882467600826567278e+00
1.406045093371632859e+00 1.841418338924150744e+00
-2.181733852503572990e+00 -1.791277785091975217e+00
-3.886353849465584154e-01 1.114140011781026285e+00
2.993103260523250153e+00 8.095273729635172888e-01
2.056470260550534945e+00 7.512543821662387433e-02
2.269837493244029947e+00 9.989517107561185494e-01
-2.635739065444057672e-01 -3.688836893953233442e-01
6.596278950376783801e-01 -7.731838413561455958e-01
2.125242002751957404e+00 2.649275529798907236e+00
-1.263185514413269095e+00 -3.352761905454691327e+00
-1.454816177083905204e+00 -4.108559513688381237e-03
9.272809244447804966e-01 1.333214209784880921e+00
-5.208521888159061142e-01 2.120738195479589194e+00
3.600148576964959934e-01 -1.363577404959521289e+00
2.762076538272276505e+00 2.648794891435582333e+00
-5.797855557089205691e-02 -2.309735530328903552e-01
-3.133148223194765158e+00 -1.731463353862678023e+00
-1.312236514504762974e+00 -2.123970238453487536e+00
-6.628566514293607881e-01 1.064350418258909192e+00
2.680190392331595728e+00 3.190019437147516790e+00
-2.938773603159396064e+00 -4.505835944727924591e+00
1.112020995944926982e+00 3.305741080808378030e+00
-6.853859587096768902e-01 1.444255925081849412e+00
2.187106098867722892e+00 1.429962669830286526e+00
2.850578840917902035e+00 2.244822687909676873e+00
-7.664668994553444081e-01 3.312675586372730852e-01
-8.994132725999592903e-01 1.189330889444739414e+00
3.836174837343280686e+00 2.004897887925978228e-01
-2.619106373635032625e+00 -2.714278109492251900e+00
-4.142925798638422696e-01 -2.340190733348856966e+00
2.006404314727785021e+00 8.599913676607365831e-01
-1.182048898931326697e+00 -4.971442826428463801e-01
1.551498421441684261e+00 9.554670827400986166e-01
-4.059226479976973945e-01 2.221267129542257024e+00
1.081479070870429382e+00 4.246843458537616911e+00
-2.060321219182104979e+00 -2.959373521789414152e+00
2.434549368515616319e+00 2.106591618278028655e+00
1.244160107175633190e+00 -7.775887889927034502e-01
-1.830093994803647428e+00 -8.918069634024730075e-01
-2.866852865937416173e+00 -4.543085597752463123e+00
1.829233061149065476e+00 1.638751292835718409e+00
7.311093303896107898e-01 6.031436600293316186e-03
2.653348988040079348e+00 4.588796220730570141e+00
1.154561011386745273e+00 2.772625086177049170e+00
3.216630933543220383e+00 3.723354433656761664e+00
3.430976713936277900e-01 6.219605456905790142e-01
-4.066444591694450494e+00 -3.077303540821663574e+00
2.286709919380498501e-01 3.063865506997125898e+00
-1.971914502666854974e+00 -1.931604682774958892e+00
9.960310852108761326e-01 6.487535175694816303e-01
-1.576182952443703211e+00 1.953060805419271517e+00
1.042481600406420128e+00 1.281228105585302757e+00
8.963224598914377728e-01 1.398725501211733224e+00
-6.904042786215525140e-01 -2.500240666480357810e+00
-9.082903312416894526e-01 -2.589538427862548287e-01
7.103123646767602883e-01 -5.803734919908953849e-01
-1.764097715699689317e+00 -2.373249083332709564e+00
2.256955786717135037e+00 2.540662551519234924e+00
-6.305217804850302699e-01 -3.333017162199085170e+00
-1.147062649755483887e+00 -1.279780898257270927e+00
-1.106501063020338460e+00 -1.080048368544422654e+00
1.020061893044400092e+00 -8.605264060468464926e-02
-3.088274816091735708e+00 -2.281253820580540825e+00
1.662173323689237758e-01 2.950130805624618269e+00
-1.386614985207306749e-01 2.972685557097237696e-01
-2.301786883134074868e-01 1.755634403950756095e+00
-2.849873919247646104e+00 -3.910226165373488438e+00
1.705430476318885891e+00 3.030276664342521187e+00
7.272356111558588854e-01 1.473463645790203946e-01
-1.379888705718311348e+00 -1.306301886612602381e+00
-2.122754896150607085e+00 -9.844812278460719490e-01
8.187458422666356039e-01 4.516621759751387799e+00
-3.256236546906956519e-01 -5.537267546348799918e+00
8.963157756344398708e-01 -9.367601642779925797e-01
3.004509595958972046e+00 2.412657583108125170e+00
-3.522422535427690016e-01 -7.530679252556901071e-01
8.929331252135963570e-01 -1.508682983719696225e+00
2.796156958063340525e+00 5.627881639488856891e+00
-3.539554383459743159e-01 -7.410815362775274862e-01
-4.461223802575911890e+00 -4.549233376481575775e+00
1.776389240980768447e+00 -7.175963790182715574e-01
5.257043805367400680e-01 1.808155813766836539e+00
2.584565918200122381e-01 -6.115637779897753479e-01
-1.625060114463041883e+00 -7.878634409465987698e-01
6.772294564299243369e+00 3.648370444344442909e+00
7.328133820221069072e+00 4.606549353577734651e-01
7.464657602675395687e+00 -1.440107757798339438e+00
5.757255032216606061e+00 -1.300120119417917275e+00
7.475868694862684904e+00 2.605603276483168251e+00
7.361145846129397263e+00 3.207867151684881124e-01
8.011986653264791869e+00 1.281306368210557656e+00
7.973144133985534232e+00 2.768518911232241475e+00
4.485090178936442129e+00 5.626593700192872305e-02
5.108467136160685484e+00 -2.842625786237107932e-01
6.602404737120461498e+00 9.424658522383537740e-01
6.082838547566296050e+00 -8.709823281781039483e-01
3.335217195312378813e+00 -4.253485029300243525e+00
5.824923243108542259e+00 4.049066469294574366e-01
5.086438649017090086e+00 8.529386894282331433e-01
5.660701385716810918e+00 4.578533292025050550e+00
5.398390082148655900e+00 1.800985093347453603e+00
3.318455124850711258e+00 -2.763115225301449041e+00
8.825658323029218266e+00 1.242069420367517552e+00
5.887310697490363509e+00 -5.541788414774223570e-01
4.861591394078322637e+00 -2.234321030281899989e-01
6.412829944516933445e+00 -2.683964574895153277e+00
3.549412343123198976e+00 -2.062704834501843276e+00
2.341556796284681941e+00 -3.065032615893357182e+00
5.287129371846743808e+00 -1.526314648843670296e+00
5.667005104819610395e+00 -2.859690352566943261e+00
7.434778183757753567e+00 -1.351214190048655173e-01
5.401612839383417963e+00 -3.444142432717252067e-01
5.668449639132589368e+00 -9.724570144426232243e-01
5.146128634375464195e+00 6.624556684726939926e-01
8.363112797048103175e+00 2.370959038149606180e+00
6.517832674526466974e+00 2.636870637277497487e+00
6.947839478814083591e+00 7.468559213198033842e-01
8.668781587893652940e+00 3.851112945158994272e+00
8.869810943081432697e+00 4.482718409072725230e+00
3.699658679952546159e+00 -1.458435981079786004e+00
4.975808405711001470e+00 2.469584768760830773e-01
5.241723375133000573e+00 1.905328227224745596e+00
1.101753659868168000e+01 7.463160432204954731e+00
5.811184367831885744e+00 1.916460586001189625e+00
3.431668568174445877e+00 -4.808577629511627372e+00
2.710157271206196761e+00 -2.427817995512499216e+00
5.859802822974584657e+00 -1.607222587865803298e+00
5.681136980484467358e+00 -2.923169714763065308e+00
5.866278978066615579e+00 -1.913614032316404812e+00
5.032293145620252872e+00 1.710723755894935749e+00
6.439930933617325159e+00 -8.371793261415425569e-01
2.963026744869454721e+00 -2.374306177593936695e-01
1.453217667942645619e+00 -2.341657050959748965e-01
4.471104702662047181e+00 -3.548827496343201826e+00
7.357318450542248200e+00 1.202959918521507410e+00
9.121522236279705709e+00 3.396887220872961688e+00
6.343827442730476385e+00 3.082133667047408210e+00
5.703901792376176338e+00 5.524035034641999742e-01
5.008885917297202006e+00 -1.911980912860893556e+00
7.622122063849552376e-01 -4.511077264131069242e+00
6.727812188411567362e+00 1.675268309492213170e+00
3.890117791742095488e+00 -3.354995606618644821e+00
5.856692995773173038e+00 2.781487824340150183e+00
7.232335485437356937e+00 1.698659987871013355e+00
1.197120286782015697e+01 6.465789653836321982e+00
7.463709824831781248e+00 1.250550645156705887e+00
6.676811951650972077e+00 5.321272798830559703e-01
7.521935288013161802e+00 1.309551373713860656e+00
6.122511339569016720e+00 1.940536899635717516e+00
3.952376106799236233e+00 2.092322392885612281e+00
4.909996611819098966e+00 -1.208002300657236239e+00
4.166576974156140700e+00 -8.252917777371097108e-01
6.681902213133392721e+00 3.137828963459153631e+00
6.074424227711054058e+00 -1.265100060712894159e+00
3.753043205310486741e+00 -2.652524612201445642e-02
7.279112776053732858e+00 3.957851004222999958e+00
8.104081670284241312e+00 2.025695016168242546e+00
7.185483772768511912e+00 -2.436735526004946362e+00
5.273870251179459068e+00 -1.096721971516248617e+00
6.650280313858647041e+00 3.752838595081319228e-01
8.458762497766366906e+00 9.178639490220008579e-01
7.976039530178581138e+00 -1.568633776849557071e+00
8.550842178238006852e+00 1.726427366445035139e+00
4.447479573391898811e+00 -3.546593667672684802e+00
7.110759713682940131e+00 1.096989881350813878e-01
1.055216668812853342e+01 3.999948856539186082e+00
1.989669815384106144e+00 -3.861957138129354039e+00
6.579946445863254390e+00 -4.894837727782722081e-01
6.171237879169654938e+00 1.711531187645203289e+00
7.287852754185161430e+00 1.007693923775338396e+00
7.583432294732833867e+00 -5.207706172725181659e-01
7.423889404509723455e+00 4.035004492092475026e+00
6.717204689340068313e+00 4.413220467333234254e+00
5.850962357454818630e+00 -1.367374541497485829e+00
2.668594775176330813e+00 -3.878500944461283240e+00
5.520820955047086365e+00 -6.631514580032754624e-01
6.180872220171704789e+00 1.131579777206866755e+00
7.436391476168486392e+00 8.891122152707247039e-01
7.276512447189978694e+00 -9.006359278979007010e-01
6.889966318947836399e+00 -1.966594538089370792e+00
4.782486517577890339e+00 -1.739940488865798551e+00
3.948820903376324853e+00 1.130548364125996796e+00
8.124131751808437940e+00 2.332118191336808977e+00
3.989258645370872713e+00 -3.137467169390061983e+00
8.279647085624301184e+00 1.693913806949135292e+00
4.951522706983114475e+00 -4.998065044421974856e-01
8.750500860657851376e+00 2.753600308748092029e-01
5.855026077713723076e+00 1.348445261636656012e-01
4.665846422618560752e+00 9.628599063112336376e-01
5.549221245044389406e+00 -1.003824462653757577e+00
7.788749552685625410e+00 2.750687050427758518e+00
4.444826763246167545e+00 -2.778584949010319161e+00
4.665437995013889783e+00 -2.656137412622943561e+00
4.279115526028933303e+00 -4.805771989164998814e+00
7.192007344979731265e+00 5.257613005584205190e-02
5.240205939117482004e+00 -9.059873283922543763e-01
1.148836915724335839e+01 5.145067372338047562e+00
4.951451078370066483e+00 2.272025744679726511e-01
8.667027338248567858e+00 4.377064246661854341e+00
5.627544012509698490e+00 -1.000852476815304870e+00
5.393627645001984661e+00 -4.862877754956390075e-01
1.066736456714227010e+00 -6.908268955877079343e+00
4.732763493932214516e+00 -1.116331384554318351e+00
5.723173017298206489e+00 -1.594059805224120385e+00
6.823163293481887770e+00 4.073160906452280017e+00
3.052303963910743878e+00 -3.455251281294771548e+00
9.813605990865506001e+00 5.036781988992566461e+00
6.109222145248078384e+00 1.380605016436810217e+00
6.462918097881736657e+00 3.265358254468933019e+00
6.984847814592733073e+00 3.496754284137467472e+00
1.078724064999125432e+01 4.278562869615729625e+00
7.938290828530887744e+00 1.795733772995414146e+00
6.931835896573793399e+00 3.397835368297609016e+00
4.979991979173048477e+00 -1.808031213497964806e+00
5.303884214808411102e+00 -1.325323583302507213e+00
5.462744931070550258e+00 7.189954596352937655e-01
8.083826006501503514e+00 2.113454206519677747e+00
4.000128729290832297e+00 -2.987683101457153656e-01
8.098382869202145784e+00 1.701541183826638992e+00
8.086103827092721019e+00 5.463757315104387224e-01
5.896961037198106936e+00 1.244748727222141804e+00
6.619666522950619303e+00 -6.706894502996768592e-02
5.329563464986208032e+00 1.524534590246171550e-01
6.503989212509351248e+00 -1.738060530211019028e+00
6.859779578549709989e+00 9.920267226054810816e-01
8.278000970370712253e+00 1.138791140684414671e+00
7.725096163338511346e+00 4.439119226121055917e+00
3.582931039484391178e+00 -3.161169449552686750e+00
9.251921620421759584e+00 2.243130253162099130e+00
4.841105455598455620e+00 -1.654317570706213880e+00
6.091093350268760531e+00 8.042216274657479347e-02
1.091967437950912867e+01 4.818811290686428883e+00
7.373222378940399224e+00 1.445292963185208723e+00
7.086299145345834383e+00 1.254778684964578117e+00
4.017617619513654148e+00 -1.346226007369237143e+00
8.752117208703602103e+00 2.167921407384350463e+00
7.363072149377102527e+00 2.926320217885308939e+00
5.151297344374437870e+00 5.132712834253773115e-01
5.568124724765789679e+00 2.781701924112096602e-01
2.409470076539334205e+00 -5.781965286095227974e+00
8.677581485178896159e+00 3.681328559693735958e+00
6.099642238739292566e+00 -1.267159416942063910e+00
5.828921863547238402e+00 8.749960888476069343e-01
6.428895744815969593e+00 -2.850645296916364257e-01
6.838011252008596053e+00 2.260205600655901481e+00
4.412492509798967788e+00 -1.314835623691124278e+00
7.356431202033321348e+00 -8.706280615988859495e-02
6.280476143559998725e+00 2.736588822025322276e+00
3.085070083908990846e+00 -7.391675025085688855e-01
5.366803098432287200e+00 -2.037170916582492719e+00
3.496682175809393556e+00 -3.239713401786951330e+00
5.238511437230741308e+00 -1.453160965748005129e+00
7.431018027971211914e+00 1.197002434357038902e+00
8.400279841018164717e+00 2.420171208045605926e+00
5.356323288260579574e+00 4.170889680007910272e+00
6.802568583900914234e+00 6.502570330776709095e-01
8.008718638474039864e+00 2.484611672450273812e+00
6.704198050180644408e+00 -1.908441780067644533e+00
7.314769292265509648e+00 -7.986328148376676817e-01
4.472891266612055716e+00 -3.515431704700671567e+00
7.168090741161443624e+00 1.780449184221390757e+00
8.466534276965248296e+00 1.047665480236594782e-01
9.605891870692095935e-01 -7.170986814107512153e+00
5.216057840962121439e+00 -7.404034520095031935e-02
5.013830377134314453e+00 3.346295535085472839e+00
5.418586590514954615e+00 9.854076779324774105e-01
6.385384721933252017e+00 -3.386543496132721209e-01
5.269503298180148398e+00 -1.501398647498919381e+00
3.003452921260036046e+00 -2.885661127395134251e+00
2.286774714702562328e+00 -2.463714864899014145e+00
7.901471342368846962e+00 2.422668076472868748e+00
7.643749689857425089e+00 7.399868768175517086e-01
4.665465102466041181e+00 -3.756071761645178864e-01
1.872255758152095773e+00 -4.890879770028779383e+00
3.642066285870887654e+00 -4.870904604658442549e-01
5.565007331263499779e+00 1.230375677111819055e+00
4.908378954014763096e+00 -2.866262900430692095e+00
5.149337819737069388e+00 5.608349605587572562e-01
7.470821535020002457e+00 2.311855757214866358e+00
8.722647004398030646e+00 1.117782705107187802e+00
7.019044875952500817e+00 4.495833093789547430e-01
7.005362282954846975e+00 5.932038967969550658e-01
5.074959733007919027e+00 -1.734864881399765579e+00
5.358607862868625560e+00 5.284881697633417863e-01
-2.703622307414484283e+00 -5.775290704942882769e+00
-2.124595472253226980e+00 -7.124404244517712037e+00
-4.191536418774298056e+00 -1.000028117128226590e+01
-4.197614751642151809e+00 -9.049213368414521952e+00
-2.991745016223494869e+00 -1.064235740997317237e+01
-6.785545060029982700e+00 -8.994585896112099022e+00
-3.227758284651909726e+00 -9.939417385263990212e+00
-3.197790236877797732e+00 -7.753757651760537328e+00
-3.575376932205281300e+00 -8.500243872278948842e+00
-5.384413448525894985e+00 -1.105492697149393244e+01
-1.986758124285342042e+00 -1.174863923248825870e+01
-3.089249121353467409e+00 -5.463892955283091268e+00
-1.904646445038206792e+00 -6.818484667697124912e+00
-4.884759616047471553e+00 -1.056414243467385461e+01
-6.276201085967497484e+00 -1.082960387445159256e+01
-7.646959080044618773e+00 -1.203613102173687466e+01
-4.328807257552461429e+00 -1.064413820539428279e+01
-4.401234287385895172e+00 -1.197635725232885306e+01
-5.618044323192389555e+00 -1.065178594187997874e+01
-2.116635865029277142e+00 -8.173548399702129430e+00
-3.972330728857030646e+00 -1.018220003680455221e+01
-6.170939574514011206e+00 -1.220214846959219201e+01
-5.457433007440913642e+00 -9.419214260096463676e+00
-8.419320536093035656e+00 -1.236715610258641185e+01
-7.215816703486638062e+00 -1.314677207087707878e+01
-5.348510033840089051e+00 -1.029748967129604509e+01
-5.147636547001758878e+00 -9.088487683008750651e+00
-7.710807583718305658e+00 -1.506024711057039767e+01
-5.718697069880807504e+00 -8.543872302807461239e+00
-4.673019653233210668e+00 -1.175702095496656163e+01
-4.213060120038147005e+00 -1.393500599312931953e+01
-7.560455923350535734e+00 -1.489711170087846170e+01
-1.837075560446501221e+00 -9.725469643377918416e+00
-2.175207814292166475e+00 -6.229666514693421142e+00
-1.641828511246868239e+00 -8.857887480813287695e+00
-1.429728100861071827e+00 -9.195599751864063975e+00
-3.224416683062382383e+00 -1.069994229634022886e+01
-7.509734749809380716e+00 -1.251240824509469363e+01
-3.402113272095827590e+00 -7.065545659356283537e+00
-3.963044077686223687e+00 -1.053160362212192780e+01
-5.329964387486418431e+00 -1.084335888366264733e+01
-5.541320578366924821e+00 -1.123906880111837481e+01
-4.875187027114958660e+00 -1.075348479565746551e+01
-7.634567804456203532e+00 -1.147891814520426479e+01
-7.254960530403293362e+00 -1.525770330920913587e+01
-6.332046649768151347e+00 -1.170952785403043883e+01
-3.735588681683385648e+00 -1.037740880855814218e+01
-4.642796080205963349e+00 -9.329561733911562627e+00
-6.130990359895976738e+00 -1.208902857964340249e+01
-4.657671056810366750e+00 -8.605219820762551208e+00
-3.439290544150073625e+00 -1.018943663617205964e+01
-3.424056721015928506e+00 -7.306723986473403265e+00
-7.066776638399071331e+00 -1.283385951895435184e+01
-1.419028534243624406e+00 -6.972410630505379459e+00
-6.842830502366298973e+00 -1.331874968500040168e+01
-6.456618558703176802e+00 -1.357438972679625699e+01
-5.775266364366919092e+00 -1.032246627765994162e+01
-7.710511813583615925e-01 -6.443358852174159601e+00
-4.449242996127400929e+00 -1.212030537174188716e+01
-3.134600268294011727e+00 -1.057008263893870392e+01
-3.587850904441852506e+00 -1.001422597806111092e+01
-4.301896392765503840e+00 -9.907937820543029517e+00
-4.452463828291899794e+00 -1.055613655833479392e+01
-2.169250012590750565e+00 -8.521674689241921286e+00
-2.411506584103179751e+00 -8.443657278644284503e+00
-1.040132733304560020e+00 -7.305245223123876031e+00
-2.592344511833601484e+00 -9.063544445486193979e+00
-7.152011040793527563e+00 -1.369720795187592621e+01
-4.672003758625746350e+00 -9.003233761311690841e+00
-3.074498132426315422e+00 -1.017366580099910145e+01
-5.665068194129758261e+00 -9.713676594664747199e+00
-5.449192370501611649e+00 -1.007704594801316311e+01
-5.000397121667345957e+00 -8.648798574652447613e+00
-4.572811508253220580e+00 -1.102197432741010630e+01
-5.121893812326059781e+00 -1.290539439255761422e+01
-4.947426222306510191e+00 -9.455342827297142705e+00
-2.122388435649898764e+00 -6.382739225068565503e+00
-1.721356749127071151e+00 -5.591653291335729747e+00
-3.470494737599655988e+00 -1.022463972021037470e+01
-2.066229309288850402e+00 -4.957848593813033666e+00
-5.173626618380584574e+00 -1.297638131180991294e+01
-4.684550334062715038e+00 -9.793718955610437149e+00
-3.470488196699712091e+00 -8.442894817306397570e+00
-1.032912570879789271e-01 -7.693146549040621451e+00
-4.032676100903297645e+00 -9.614895500429629038e+00
-5.871583538723919915e+00 -8.719509541921313556e+00
-3.104164883155690724e+00 -9.619855612510679777e+00
-4.411367686222800621e+00 -6.337703186588488968e+00
-5.939761970609376718e+00 -1.094688428257823176e+01
-5.420584488236469767e+00 -9.891239066438844318e+00
-3.562994846151740891e+00 -1.022285961677938104e+01
-5.516658963971456942e+00 -1.101135980613915066e+01
-3.613555510028958473e+00 -8.930079966932821023e+00
-4.202833693229412582e+00 -9.003450310150409308e+00
-5.969218778052548302e+00 -1.091656395178295824e+01
-4.324774740930123151e+00 -1.217137295363925986e+01
-5.479830944611252086e+00 -1.319656833231132254e+01
-5.512019766743341265e+00 -1.210203169049453820e+01
-2.564533788922362945e+00 -8.540105293376988982e+00
-4.340523031674605292e+00 -1.397270016339252230e+01
